1,5
2,10
3,15
4,20
5,25
6,30
7,34
8,39
9,43
10,48
11,52
12,56
13,61
14,64
15,68
16,72
17,75
18,78
19,81
20,84
21,87
22,89
23,91
24,93
25,95
26,96
27,98
28,99
29,99
30,100
31,100
32,100
33,100
34,99
35,98
36,97
37,96
38,95
39,93
40,91
41,89
42,86
43,84
44,81
45,78
46,75
47,71
48,68
49,64
50,60
51,56
52,52
53,47
54,43
55,38
56,33
57,29
58,24
59,19
60,14
61,9
62,4
63,-1
64,-6
65,-11
66,-16
67,-21
68,-26
69,-30
70,-35
71,-40
72,-44
73,-49
74,-53
75,-57
76,-61
77,-65
78,-69
79,-72
80,-76
81,-79
82,-82
83,-85
84,-87
85,-89
86,-92
87,-94
88,-95
89,-97
90,-98
91,-99
92,-99
93,-100
94,-100
95,-100
96,-100
97,-99
98,-98
99,-97
100,-96
101,-94
102,-93
103,-91
104,-88
105,-86
106,-83
107,-80
108,-77
109,-74
110,-71
111,-67
112,-63
113,-59
114,-55
115,-51
116,-46
117,-42
118,-37
119,-33
120,-28
121,-23
122,-18
123,-13
124,-8
125,-3
126,2
127,7
128,12
129,17
130,22
131,26
132,31
133,36
134,40
135,45
136,49
137,54
138,58
139,62
140,66
141,69
142,73
143,76
144,79
145,82
146,85
147,88
148,90
149,92
150,94
151,95
152,97
153,98
154,99
155,99
156,100
157,100
158,100
159,100
160,99
161,98
162,97
163,96
164,94
165,92
166,90
167,88
168,85
169,83
170,80
171,77
172,73
173,70
174,66
175,62
176,58
177,54
178,50
179,46
180,41
181,37
182,32
183,27
184,22
185,17
186,12
187,7
188,2
189,-3
190,-8
191,-12
192,-17
193,-22
194,-27
195,-32
196,-37
197,-41
198,-46
199,-50
200,-54
201,-59
202,-63
203,-66
204,-70
205,-73
206,-77
207,-80
208,-83
209,-85
210,-88
211,-90
212,-92
213,-94
214,-96
215,-97
216,-98
217,-99
218,-100
219,-100
220,-100
221,-100
222,-99
223,-99
224,-98
225,-97
226,-95
227,-94
228,-92
229,-90
230,-88
231,-85
232,-82
233,-79
234,-76
235,-73
236,-69
237,-66
238,-62
239,-58
240,-54
241,-49
242,-45
243,-40
244,-36
245,-31
246,-26
247,-21
248,-17
249,-12
250,-7
251,-2
252,3
253,8
254,13
255,18
256,23
257,28
258,33
259,37
260,42
261,46
262,51
263,55
264,59
265,63
266,67
267,71
268,74
269,77
270,80
271,83
272,86
273,88
274,91
275,93
276,94
277,96
278,97
279,98
280,99
281,100
282,100
283,100
284,100
285,99
286,99
287,98
288,97
289,95
290,93
291,92
292,89
293,87
294,85
295,82
296,79
297,76
298,72
299,69
300,65
301,61
302,57
303,53
304,49
305,44
306,40
307,35
308,30
309,26
310,21
311,16
312,11
313,6
314,1
315,-4
316,-9
317,-14
318,-19
319,-24
320,-29
321,-34
322,-38
323,-43
324,-47
325,-52
326,-56
327,-60
328,-64
329,-68
330,-71
331,-75
332,-78
333,-81
334,-84
335,-86
336,-89
337,-91
338,-93
339,-95
340,-96
341,-97
342,-98
343,-99
344,-100
345,-100
346,-100
347,-100
348,-99
349,-99
350,-98
351,-96
352,-95
353,-93
354,-91
355,-89
356,-87
357,-84
358,-81
359,-78
360,-75
361,-72
362,-68
363,-64
364,-60
365,-56
366,-52
367,-48
368,-43
369,-39
370,-34
371,-30
372,-25
373,-20
374,-15
375,-10
376,-5
377,0
378,5
379,10
380,15
381,20
382,25
383,30
384,34
385,39
386,44
387,48
388,52
389,57
390,61
391,64
392,68
393,72
394,75
395,78
396,81
397,84
398,87
399,89
400,91
401,93
402,95
403,96
404,98
405,99
406,99
407,100
408,100
409,100
410,100
411,99
412,98
413,97
414,96
415,95
416,93
417,91
418,89
419,86
420,84
421,81
422,78
423,75
424,71
425,68
426,64
427,60
428,56
429,52
430,47
431,43
432,38
433,33
434,29
435,24
436,19
437,14
438,9
439,4
440,-1
441,-6
442,-11
443,-16
444,-21
445,-26
446,-30
447,-35
448,-40
449,-44
450,-49
451,-53
452,-57
453,-61
454,-65
455,-69
456,-72
457,-76
458,-79
459,-82
460,-85
461,-87
462,-90
463,-92
464,-94
465,-95
466,-97
467,-98
468,-99
469,-99
470,-100
471,-100
472,-100
473,-100
474,-99
475,-98
476,-97
477,-96
478,-94
479,-93
480,-91
481,-88
482,-86
483,-83
484,-80
485,-77
486,-74
487,-71
488,-67
489,-63
490,-59
491,-55
492,-51
493,-46
494,-42
495,-37
496,-33
497,-28
498,-23
499,-18
500,-13
501,-8
502,-3
503,2
504,7
505,12
506,17
507,22
508,26
509,31
510,36
511,41
512,45
513,49
514,54
515,58
516,62
517,66
518,69
519,73
520,76
521,79
522,82
523,85
524,88
525,90
526,92
527,94
528,95
529,97
530,98
531,99
532,99
533,100
534,100
535,100
536,100
537,99
538,98
539,97
540,96
541,94
542,92
543,90
544,88
545,85
546,83
547,80
548,77
549,73
550,70
551,66
552,62
553,58
554,54
555,50
556,46
557,41
558,37
559,32
560,27
561,22
562,17
563,12
564,7
565,2
566,-3
567,-8
568,-13
569,-17
570,-22
571,-27
572,-32
573,-37
574,-41
575,-46
576,-50
577,-54
578,-59
579,-63
580,-66
581,-70
582,-73
583,-77
584,-80
585,-83
586,-86
587,-88
588,-90
589,-92
590,-94
591,-96
592,-97
593,-98
594,-99
595,-100
596,-100
597,-100
598,-100
599,-99
600,-99
601,-98
602,-97
603,-95
604,-94
605,-92
606,-90
607,-88
608,-85
609,-82
610,-79
611,-76
612,-73
613,-69
614,-66
615,-62
616,-58
617,-54
618,-49
619,-45
620,-40
621,-36
622,-31
623,-26
624,-21
625,-17
626,-12
627,-7
628,-2
629,3
630,8
631,13
632,18
633,23
634,28
635,33
636,37
637,42
638,47
639,51
640,55
641,59
642,63
643,67
644,71
645,74
646,77
647,80
648,83
649,86
650,88
651,91
652,93
653,94
654,96
655,97
656,98
657,99
658,100
659,100
660,100
661,100
662,99
663,99
664,98
665,97
666,95
667,93
668,92
669,89
670,87
671,85
672,82
673,79
674,76
675,72
676,69
677,65
678,61
679,57
680,53
681,49
682,44
683,40
684,35
685,30
686,25
687,21
688,16
689,11
690,6
691,1
692,-4
693,-9
694,-14
695,-19
696,-24
697,-29
698,-34
699,-38
700,-43
701,-47
702,-52
703,-56
704,-60
705,-64
706,-68
707,-71
708,-75
709,-78
710,-81
711,-84
712,-86
713,-89
714,-91
715,-93
716,-95
717,-96
718,-97
719,-98
720,-99
721,-100
722,-100
723,-100
724,-100
725,-99
726,-99
727,-98
728,-96
729,-95
730,-93
731,-91
732,-89
733,-87
734,-84
735,-81
736,-78
737,-75
738,-72
739,-68
740,-64
741,-60
742,-56
743,-52
744,-48
745,-43
746,-39
747,-34
748,-29
749,-25
750,-20
751,-15
752,-10
753,-5
754,0
755,5
756,10
757,15
758,20
759,25
760,30
761,34
762,39
763,44
764,48
765,52
766,57
767,61
768,64
769,68
770,72
771,75
772,78
773,81
774,84
775,87
776,89
777,91
778,93
779,95
780,96
781,98
782,99
783,99
784,100
785,100
786,100
787,100
788,99
789,98
790,97
791,96
792,95
793,93
794,91
795,89
796,86
797,84
798,81
799,78
800,75
801,71
802,67
803,64
804,60
805,56
806,51
807,47
808,43
809,38
810,33
811,29
812,24
813,19
814,14
815,9
816,4
817,-1
818,-6
819,-11
820,-16
821,-21
822,-26
823,-30
824,-35
825,-40
826,-44
827,-49
828,-53
829,-57
830,-61
831,-65
832,-69
833,-72
834,-76
835,-79
836,-82
837,-85
838,-87
839,-90
840,-92
841,-94
842,-95
843,-97
844,-98
845,-99
846,-99
847,-100
848,-100
849,-100
850,-100
851,-99
852,-98
853,-97
854,-96
855,-94
856,-93
857,-91
858,-88
859,-86
860,-83
861,-80
862,-77
863,-74
864,-70
865,-67
866,-63
867,-59
868,-55
869,-51
870,-46
871,-42
872,-37
873,-33
874,-28
875,-23
876,-18
877,-13
878,-8
879,-3
880,2
881,7
882,12
1,5
2,10
3,15
4,20
5,25
6,30
7,34
8,39
9,43
10,48
11,52
12,56
13,61
14,64
15,68
16,72
17,75
18,78
19,81
20,84
21,87
22,89
23,91
24,93
25,95
26,96
27,98
28,99
29,99
30,100
31,100
32,100
33,100
34,99
35,98
36,97
37,96
38,95
39,93
40,91
41,89
42,86
43,84
44,81
45,78
46,75
47,71
48,68
49,64
50,60
51,56
52,52
53,47
54,43
55,38
56,33
57,29
58,24
59,19
60,14
61,9
62,4
63,-1
64,-6
65,-11
66,-16
67,-21
68,-26
69,-30
70,-35
71,-40
72,-44
73,-49
74,-53
75,-57
76,-61
77,-65
78,-69
79,-72
80,-76
81,-79
